<?php

return [
    [
        [0.0185, 0.0225, 0.0299, 0.0901, 0.0461, 0.1049, 0.1329, 0.3723, 0.0996, 0.0213, 0.0182, 0.0438],
        [0.0007, 0.0115, 0.1268, 0.1100, 0.0745, 0.0622, 0.1027, 0.2901, 0.1465, 0.0516, 0.0093, 0.0141],
        [0.0031, 0.0813, 0.1251, 0.2316, 0.1227, 0.0995, 0.1918, 0.0637, 0.0646, 0.0159, 0.0007, 0.0000],
    ],
    [
        [0.0315, 0.1240, 0.1236, 0.0953, 0.0949, 0.1333, 0.1527, 0.1221, 0.0995, 0.0204, 0.0027, 0.0000],
        [0.0384, 0.0359, 0.0344, 0.1585, 0.2015, 0.2948, 0.1046, 0.0587, 0.0331, 0.0148, 0.0089, 0.0164],
        [0.0045, 0.0632, 0.0940, 0.2940, 0.2781, 0.1201, 0.0554, 0.0571, 0.0159, 0.0152, 0.0023, 0.0000],
        [0.0152, 0.2098, 0.2082, 0.1567, 0.1332, 0.1376, 0.0827, 0.0414, 0.0131, 0.0016, 0.0000, 0.0005],
    ],
    [
        [0.0016, 0.0400, 0.0398, 0.1866, 0.1344, 0.4526, 0.0870, 0.0380, 0.0154, 0.0040, 0.0003, 0.0003],
        [0.0034, 0.0268, 0.2936, 0.3358, 0.1168, 0.0526, 0.0321, 0.0357, 0.0766, 0.0185, 0.0055, 0.0026],
        [0.0062, 0.0801, 0.1232, 0.1644, 0.2075, 0.1235, 0.1848, 0.0717, 0.0208, 0.0135, 0.0012, 0.0032],
    ],
    [
        [0.0009, 0.0236, 0.1732, 0.1910, 0.3129, 0.1489, 0.0777, 0.0436, 0.0117, 0.0024, 0.0007, 0.0134],
        [0.2828, 0.1193, 0.1307, 0.0763, 0.0397, 0.0271, 0.1734, 0.1231, 0.0191, 0.0080, 0.0004, 0.0000],
        [0.1275, 0.1113, 0.0746, 0.3088, 0.1233, 0.0704, 0.0379, 0.1055, 0.0290, 0.0087, 0.0023, 0.0006],
        [0.0000, 0.0246, 0.5637, 0.1693, 0.1491, 0.0349, 0.0341, 0.0172, 0.0060, 0.0011, 0.0000, 0.0000],
    ],
    [
        [0.1428, 0.0663, 0.1323, 0.2139, 0.1505, 0.0597, 0.0487, 0.0652, 0.0622, 0.0401, 0.0073, 0.0110],
        [0.0258, 0.3097, 0.2608, 0.1380, 0.0663, 0.0359, 0.0883, 0.0415, 0.0276, 0.0052, 0.0008, 0.0002],
        [0.0096, 0.1277, 0.1061, 0.2047, 0.2748, 0.0845, 0.0857, 0.0478, 0.0445, 0.0125, 0.0017, 0.0004],
    ],
    [
        [0.0192, 0.0911, 0.3572, 0.2489, 0.0579, 0.0724, 0.0825, 0.0399, 0.0149, 0.0091, 0.0037, 0.0031],
        [0.0009, 0.0361, 0.2027, 0.5132, 0.0899, 0.0530, 0.0532, 0.0380, 0.0107, 0.0021, 0.0002, 0.0000],
        [0.0001, 0.0094, 0.2743, 0.2463, 0.1011, 0.3324, 0.0244, 0.0105, 0.0016, 0.0001, 0.0000, 0.0000],
    ]
];